6880
332550
4430
437
5989
3403
2249
5941
4158
5499
2975
6107
5680
3991
5680
8165
8247
8615
9015
9244
10305
10235
36653
42138
7547
11872
12029
46887
12572
12556
13086
13417
15497
15211
14985
15669
15724
16083
16722
16868
17220
17371
17490
46627
17517
18113
17998
17604
17651
17733
46628
46619
17650
18415
9292
19043
19731
19918
19938
21229
21879
36806
40410
20129
23110
23601
25131
25653
25479
25759
33753
26265
27700
27997
27454
27168
27382
47067
29376
8826
29949
14487
31938
47014
37847
32582
46869
329885
334003
32954
37113
8564
34571
37457
35490
36075
18329
35973
36784
36786
36769
36934
46974
38446
40726
40849
40750
41195
41788